5.2730 20.3490 1435.2655 82.7459
4.6137 16.1008 1453.3698 50.8105
4.1127 15.2409 1375.1094 63.9559
5.3447 18.8577 1344.7002 54.4006
5.3599 18.7796 1305.0956 57.9631
5.1555 19.3914 1195.1834 60.3702
5.4597 21.0127 1359.4637 77.5902
3.7107 13.7850 1107.1592 96.0214
5.4728 20.0507 1662.9898 154.1101
6.1820 19.3257 1716.0134 163.0294
6.7932 21.4663 1936.9600 149.7088
3.8286 13.8748 1734.4452 160.6352
4.1567 14.9017 1730.8602 197.2718
5.1625 18.8921 1709.6096 257.1639
5.8596 20.6222 1646.7684 275.4686
9.0159 32.0447 1808.6132 252.9939
7.0536 25.7100 1628.0783 244.7716
5.1626 21.1776 1631.5517 314.0595
5.9429 22.6051 1672.1718 231.4001
4.6259 16.3376 1404.1351 255.8741
5.5688 18.7157 1871.6988 229.1038
4.1086 14.8747 1857.6833 386.6978
5.6150 20.4258 1538.7786 428.1032
5.6344 21.2007 1382.1733 362.4148
4.2826 17.3736 1116.6796 385.2503
4.3510 17.5268 1082.2321 345.3217
4.6355 20.2443 1224.7650 353.2963
5.4013 20.2668 1263.6710 321.5565
4.5372 16.5185 1360.1396 358.5129
4.4282 16.0175 1581.6292 346.5282
5.3218 21.6677 1319.7591 321.7130
5.5416 18.9682 1329.0915 328.9406
4.2926 15.9487 1079.4270 454.0683
3.8316 13.8868 1147.0423 465.9446
4.9162 17.0645 1214.1138 517.4619
7.2733 15.9201 1074.4240 461.3012
5.7115 19.6425 1121.4648 394.3847
5.0253 18.2053 1111.3339 467.2662
4.7176 17.9294 1149.1772 467.9591
5.1738 17.4808 1469.7143 448.6943
5.5002 17.4075 1269.4281 505.9100
6.2304 19.0278 1236.7552 556.2570
5.0874 20.2473 746.1925 537.3884
5.4479 20.1910 977.8632 545.2400
6.4608 23.7967 1151.7151 531.5409
5.4077 21.5852 1187.4188 689.6199
5.6843 19.4575 1038.5967 498.7586
5.6100 18.5306 1101.1573 464.3194
5.4889 19.1440 1140.1105 448.5153
5.0542 18.8476 840.1365 591.0414
6.0577 24.9444 1223.1395 578.8560
