7.1562 22.6985 1444.2361
13.0052 40.5561 2941.9727
18.4554 61.1254 4587.7656
23.7893 81.4179 6039.3388
29.8395 102.0410 7543.2008
35.5315 122.3447 8904.2289
41.8358 149.3492 10235.0354
47.9073 170.2793 11621.4916
53.0669 200.3546 13029.2880
58.9430 221.3089 14443.7689
65.9731 242.4171 15799.3398
71.7282 263.1064 17209.5280
77.3690 282.2080 18658.4036
82.9123 304.2615 20029.1300
88.1179 323.9067 21373.9281
93.3144 347.0002 22751.8307
99.9248 367.5677 24044.0577
104.5049 383.5765 25600.0251
110.8561 408.2904 27231.8098
119.3133 433.2058 28881.9209
124.9998 453.8446 30506.5914
