0.0342 1308.2825 113.2431 4.8038 0.0039 0.2881
0.0063 1281.9446 157.1316 4.3597 0.0016 0.2964
0.0075 1204.5949 150.7549 5.7562 0.0019 0.3053
0.0070 1191.0438 135.4819 4.6105 0.0015 0.3447
0.0085 1130.1369 153.6664 6.3938 0.0016 0.4624
0.0089 1121.2882 61.2780 3.6440 0.0013 0.4567
0.0072 1241.7453 99.1599 5.2269 0.0016 0.6649
0.0062 1048.4930 47.3718 5.0869 0.0020 1.0750
0.0070 1396.2261 230.7619 12.6393 0.0021 2.1112
0.0072 1437.9204 236.9383 11.1127 0.0019 1.6739
0.0065 1643.9067 247.4598 11.1704 0.0019 3.8086
0.0056 1519.3829 182.3423 7.7444 0.0013 2.0857
0.0053 1547.7833 147.2415 8.3366 0.0014 2.3541
0.0078 1503.1870 159.9639 10.7878 0.0018 3.8351
0.0094 1411.7065 185.7293 11.2714 0.0021 2.8168
0.0101 1618.7031 137.9693 11.4504 0.0023 4.2118
0.0088 1464.8567 111.3722 10.4715 0.0019 3.7597
0.0072 1486.9489 102.5361 7.3815 0.0017 3.1514
0.0078 1523.2933 103.5490 11.5833 0.0022 3.7380
0.0054 1256.5453 117.5660 4.4671 0.0017 3.7795
0.0063 1534.8591 300.1166 7.1088 0.0018 3.6288
0.0064 1619.8501 180.0709 11.0358 0.0018 6.1078
0.0072 1314.7754 179.2713 11.3160 0.0018 7.5851
0.0092 1195.0849 149.1303 9.5604 0.0027 6.6748
0.0070 981.7545 102.3391 7.2199 0.0014 6.1854
0.0064 977.8335 79.4138 5.5718 0.0018 5.1646
0.0078 1125.3788 75.1375 5.5481 0.0015 5.0306
0.0070 1163.7033 73.6623 5.0152 0.0016 6.1892
0.0063 1225.1971 103.2084 6.5391 0.0017 6.6157
0.0062 1501.1317 56.1408 4.9203 0.0015 5.0197
0.0083 1240.7710 54.2193 4.8860 0.0016 5.3020
0.0079 1220.4123 84.0403 6.2561 0.0016 5.8465
0.0059 1030.2388 32.3132 3.6517 0.0017 6.8867
0.0062 1045.5655 66.7558 7.1507 0.0019 7.6804
0.0062 1104.4522 75.8162 7.3097 0.0023 9.7726
0.0058 984.8637 65.8968 5.4751 0.0016 6.7783
0.0087 1037.9827 58.8340 6.1144 0.0024 7.4179
0.0068 992.9423 89.5472 8.3689 0.0018 6.5122
0.0073 1027.3968 90.2092 7.4163 0.0020 7.2824
0.0067 1276.5843 154.7169 7.5344 0.0014 6.9968
0.0073 1128.7066 101.8194 7.6319 0.0015 8.5989
0.0065 1117.5915 88.1311 6.6180 0.0016 6.4375
0.0099 706.6702 21.0239 3.5224 0.0016 10.4898
0.0068 938.0010 23.3024 3.4160 0.0013 6.8488
0.0073 1092.7612 37.8073 4.9744 0.0018 6.1894
0.0073 1126.2072 38.4732 4.4985 0.0013 6.4502
0.0067 977.2557 39.3255 4.3437 0.0014 6.2255
0.0082 1040.0234 38.2146 4.4634 0.0018 6.5125
0.0068 1086.1017 33.8465 3.7369 0.0013 6.0904
0.0058 768.9373 38.7153 5.8741 0.0016 8.5726
0.0083 1138.8116 54.2170 5.5984 0.0020 9.7030
